trafficcone 0 2 2.737418376638532 1830.270142 554.429871 1848.00293 618.238099 0.791325 0.25566 0.069865 12.4548118912 0.629385341358 30.350723969 3.12682626574
trafficcone 0 0 -0.3069405922356823 1593.496216 339.014832 1606.359741 373.067658 0.735681 0.349594 0.159035 16.0815808603 -4.47776887957 53.3342317 -0.0140857044536
cyclist 0 1 1.3515974068408272 1386.522949 192.434326 1413.543823 221.397552 1.062955 0.794165 1.54181 19.9563808884 -14.1724609348 94.9740268573 1.55870895027
car 0 0 1.8138801016184238 416.409088 212.816803 496.337768 268.670868 1.475949 1.698743 4.332397 -16.9775455162 -10.0715843367 76.9068019264 1.59660995857
trafficcone 0 1 0.09731281035882695 642.319641 340.490448 653.020141 373.652649 0.697301 0.228625 0.20568 -6.83431290417 -4.26436590309 51.0263684386 -0.0358316854697
car 0 1 1.907506672324146 37.392181 261.734436 150.026764 328.876892 1.285227 1.494891 4.326862 -23.4444869767 -6.48461301036 60.7378876513 1.53913205119
cyclist 0 1 4.516880171676383 1434.886475 216.822464 1457.813111 264.079651 1.458812 0.499343 1.219293 17.9020565659 -10.1477035077 77.4544381199 4.74402167128
car 0 1 1.8691420472925389 146.068054 236.815048 238.221573 292.612366 1.236209 1.472386 4.325902 -23.4894443259 -8.34874316847 68.8017817002 1.54014242871
trafficcone 0 0 -0.37365531870035296 1699.518677 373.528259 1712.906983 412.596863 0.761422 0.34442 0.108366 16.857851715 -3.23086813119 48.1580275275 -0.0369334744998
trafficcone 0 0 -0.29542183461030735 1566.161255 326.189575 1578.96521 360.843567 0.783083 0.358248 0.171685 16.0689063585 -4.95857586251 55.6014646661 -0.0140857044535
trafficcone 0 0 -0.4007326496243335 1880.185425 378.096191 1895.635498 416.708648 0.742701 0.412639 0.099522 20.8726591596 -3.15311207843 48.189039971 0.00801341911532
trafficcone 0 0 -0.3715697084739402 1731.065674 347.948944 1745.583252 383.783813 0.762746 0.347359 0.158464 19.1436941874 -4.1656709634 52.4794621501 -0.0217850344923
pedestrian 0 2 2.8408085044816698 1703.716797 317.218445 1734.885254 399.307526 1.758661 0.277133 0.498923 18.1012582891 -3.70183864914 50.9473507857 3.1821912565
trafficcone 0 0 -0.3864764641996696 1802.09729 374.481995 1815.707642 414.732117 0.782339 0.375939 0.084267 19.1327541645 -3.19149955544 48.1952131291 -0.00857232781046
trafficcone 2 0 0.38331801531027776 0 648.157471 11.697153 727.549134 0.813436 0.212351 0.213255 -10.7154216212 1.67454838198 24.8363024392 -0.0239963055834
trafficcone 2 0 -0.4157187770331937 1910.620972 365.656647 1919.0 405.653565 0.813619 0.38424 0.516892 22.7081084797 -3.5286809071 50.3442619498 0.00801341911525
car 0 1 1.8398577639871345 310.681946 217.97789 390.102844 269.977081 1.29683 1.477647 4.28476 -20.094958925 -9.73775434917 74.6354088109 1.57685290809
car 0 0 1.8099671052070996 295.255646 260.713928 398.910187 326.686523 1.264685 1.754027 4.393648 -16.5535168925 -6.59569419294 61.2401703764 1.54597112833
motorcyclist 0 0 3.1599405854154012 965.55719 502.1633 1116.30603 634.604798 1.511175 0.764455 1.983783 1.34818089407 0.739887125526 29.4720808936 3.20565305823
trafficcone 0 0 -0.3883925076940988 1643.385376 361.194244 1656.663574 398.673156 0.767004 0.235996 0.159717 16.0924599379 -3.61560242 49.6100818569 -0.0747225449428
trafficcone 0 2 0.8593522642481117 64.478592 533.334961 88.475174 599.911621 0.831594 0.247997 0.083769 -12.0165097221 0.392927525214 30.457756584 0.483569967483
trafficcone 0 0 -0.3651327951689917 1620.252686 350.472717 1631.40149 387.898834 0.79654 0.219244 0.130267 16.0774587348 -3.97445452447 51.313993894 -0.0615053465303
car 0 0 4.458520592665152 1288.130615 703.015625 1577.438476 957.150635 0.81116 1.535718 4.252193 4.38417840032 2.54806212735 20.1604587393 4.67265089879
car 0 1 1.807056600516444 246.759491 233.508514 337.256592 300.936096 1.517652 1.610316 4.335563 -19.8151884472 -7.91090637497 67.0379050014 1.51965806087
car 0 0 1.709621498241353 614.448181 129.668365 651.797851 157.135971 1.523745 1.872319 4.247524 -20.5810257085 -25.908219059 146.462082794 1.57001442539
unknown_unmovable 0 1 0.3014185403110519 98.2677 507.409119 275.802154 574.592224 0.608999 1.524745 2.08482 -11.0812114313 -0.0804167893545 32.2743338808 -0.0293147434388
car 0 0 1.7215991247680769 560.141418 144.736588 605.748657 178.809494 1.610262 1.938309 4.225678 -20.6113166245 -21.175914282 126.157904926 1.55965277345
cyclist 0 0 4.104210931551583 1526.49585 247.772125 1559.173951 313.794464 1.712974 0.134101 1.305472 17.9306205352 -7.17579526061 65.2079336316 4.37255488356
trafficcone 0 0 0.19184015117681485 223.64122 534.489685 247.302505 597.087585 0.787318 0.214238 0.22633 -9.86587082226 0.360381294051 30.6411118315 -0.11965919045
pedestrian 0 0 2.689407510056292 1702.533936 318.794312 1725.211792 397.681763 1.662965 0.329935 0.256976 17.8049513328 -3.70644984851 50.4547928973 3.0286539017
unknown_unmovable 0 0 0.15040224053210238 531.282166 346.836395 645.824524 390.491821 0.811177 0.796537 2.429925 -7.91932389769 -3.80848647439 49.289429608 -0.00890605621386
pedestrian 0 2 2.799320009536962 1674.015259 310.865875 1701.904907 391.542785 1.741338 0.348568 0.410155 17.5976570473 -3.92563762904 51.602325134 3.12797656792
car 0 1 1.8453462870799637 209.16687 210.069672 296.344574 270.050293 1.577828 1.696992 4.271183 -23.7220443566 -9.86352680409 75.6219140321 1.54137517641
trafficcone 0 2 0.11064763288152409 542.156433 338.826874 554.062134 374.907837 0.755717 0.266349 0.216411 -9.1587452548 -4.24113893874 51.0401025776 -0.0669049006903
car 0 0 1.882140235419964 120.386887 270.751434 227.02446 340.72702 1.27132 1.353954 4.335714 -20.4045390217 -5.95780513645 58.3933738876 1.54597112833
car 0 0 -0.7494079443127432 1080.86377 297.80899 1285.793335 400.855896 1.658778 1.844931 4.586842 5.54566910729 -3.88661997043 49.8565321379 -0.638630768725
trafficcone 0 0 -0.40329564452381683 1822.208862 356.561432 1835.131591 393.336548 0.776607 0.270657 0.124451 20.8610229157 -3.86262187021 51.3722496354 -0.0175625814988
unknown_unmovable 0 1 0.24481663396558237 18.25845 554.511292 210.938778 634.478943 0.507051 1.980278 1.968463 -10.9919919966 0.567368742217 29.2437664917 -0.114720677153
pedestrian 0 0 2.735083137359468 1674.659912 315.145477 1697.014648 398.744751 1.747889 0.271188 0.276581 16.9169120201 -3.62788688062 49.7530559195 3.06283737264
pedestrian 0 2 2.8376974572441327 1680.264648 292.705841 1709.054443 363.151398 1.623362 0.332443 0.497193 18.9631118512 -4.85690103095 55.0865901815 3.16923337494
trafficcone 0 0 -0.45019150341502157 1740.481812 326.106506 1750.574952 344.963501 0.46202 0.164291 0.171251 22.0011855932 -5.71947354511 59.7278009525 -0.0972570423059
pedestrian 0 0 2.738754388172029 1830.854248 490.308289 1881.766846 629.818421 1.746359 0.36143 0.388193 12.4943486852 0.756441978565 29.9878170653 3.13352916715
trafficcone 0 0 -0.3957990386979876 1772.793701 520.2854 1792.841797 575.186279 0.73367 0.288149 0.127429 12.7468963691 0.075872738016 33.1258739693 -0.0284628106929
unknown_unmovable 0 1 0.1836951062256393 560.000305 327.51651 669.228638 368.033875 0.781652 0.994956 2.428019 -7.80943310908 -4.56699540247 52.4860037385 0.0359879852155
trafficcone 0 1 -0.2656841332482913 1641.181152 334.911713 1652.824829 368.128968 0.726156 0.3532 0.141042 17.450322996 -4.64900849266 54.0147358992 0.0467975077259
trafficcone 0 1 0.10900148474102485 616.177002 305.316925 627.079834 337.256958 0.751348 0.238055 0.232312 -8.30249165365 -5.64356842286 56.9231308189 -0.0358316854697
car 0 1 1.8008017006546668 403.617401 181.779953 468.765472 239.985077 1.875807 1.558923 4.149831 -20.1478343002 -12.4856320516 87.5698237446 1.57465983589
van 0 1 0 62.5186761479 123.062064765 166.860012726 179.3183878 0 0 0 0.0 0.0 0.0 0.0
motorcyclist 0 1 0 1324.5228581 168.453912101 1360.74642634 191.339932199 0 0 0 0.0 0.0 0.0 0.0
trafficcone 0 2 0 596.040551553 322.660776602 606.407463968 355.398394756 0 0 0 0.0 0.0 0.0 0.0
trafficcone 0 0 0 69.8130748771 594.696425742 95.2174665641 658.076454487 0 0 0 0.0 0.0 0.0 0.0
trafficcone 0 0 0 1441.14475974 270.644094145 1451.29948389 293.530114243 0 0 0 0.0 0.0 0.0 0.0
