cyclist 0 1 1.3515974068408272 1386.522949 192.434326 1413.543823 221.397552 1.062955 0.794165 1.54181 19.9563808884 -14.1724609348 94.9740268573 1.55870895027
car 0 0 1.8138801016184238 416.409088 212.816803 496.337768 268.670868 1.475949 1.698743 4.332397 -16.9775455162 -10.0715843367 76.9068019264 1.59660995857
car 0 1 1.907506672324146 37.392181 261.734436 150.026764 328.876892 1.285227 1.494891 4.326862 -23.4444869767 -6.48461301036 60.7378876513 1.53913205119
cyclist 0 1 4.516880171676383 1434.886475 216.822464 1457.813111 264.079651 1.458812 0.499343 1.219293 17.9020565659 -10.1477035077 77.4544381199 4.74402167128
car 0 1 1.8691420472925389 146.068054 236.815048 238.221573 292.612366 1.236209 1.472386 4.325902 -23.4894443259 -8.34874316847 68.8017817002 1.54014242871
pedestrian 0 2 2.8408085044816698 1703.716797 317.218445 1734.885254 399.307526 1.758661 0.277133 0.498923 18.1012582891 -3.70183864914 50.9473507857 3.1821912565
car 0 1 1.8398577639871345 310.681946 217.97789 390.102844 269.977081 1.29683 1.477647 4.28476 -20.094958925 -9.73775434917 74.6354088109 1.57685290809
car 0 0 1.8099671052070996 295.255646 260.713928 398.910187 326.686523 1.264685 1.754027 4.393648 -16.5535168925 -6.59569419294 61.2401703764 1.54597112833
cyclist 0 0 3.1599405854154012 965.55719 502.1633 1116.30603 634.604798 1.511175 0.764455 1.983783 1.34818089407 0.739887125526 29.4720808936 3.20565305823
car 0 0 4.458520592665152 1288.130615 703.015625 1577.438476 957.150635 0.81116 1.535718 4.252193 4.38417840032 2.54806212735 20.1604587393 4.67265089879
car 0 1 1.807056600516444 246.759491 233.508514 337.256592 300.936096 1.517652 1.610316 4.335563 -19.8151884472 -7.91090637497 67.0379050014 1.51965806087
car 0 0 1.709621498241353 614.448181 129.668365 651.797851 157.135971 1.523745 1.872319 4.247524 -20.5810257085 -25.908219059 146.462082794 1.57001442539
car 0 0 1.7215991247680769 560.141418 144.736588 605.748657 178.809494 1.610262 1.938309 4.225678 -20.6113166245 -21.175914282 126.157904926 1.55965277345
cyclist 0 0 4.104210931551583 1526.49585 247.772125 1559.173951 313.794464 1.712974 0.134101 1.305472 17.9306205352 -7.17579526061 65.2079336316 4.37255488356
pedestrian 0 0 2.689407510056292 1702.533936 318.794312 1725.211792 397.681763 1.662965 0.329935 0.256976 17.8049513328 -3.70644984851 50.4547928973 3.0286539017
pedestrian 0 2 2.799320009536962 1674.015259 310.865875 1701.904907 391.542785 1.741338 0.348568 0.410155 17.5976570473 -3.92563762904 51.602325134 3.12797656792
car 0 1 1.8453462870799637 209.16687 210.069672 296.344574 270.050293 1.577828 1.696992 4.271183 -23.7220443566 -9.86352680409 75.6219140321 1.54137517641
car 0 0 1.882140235419964 120.386887 270.751434 227.02446 340.72702 1.27132 1.353954 4.335714 -20.4045390217 -5.95780513645 58.3933738876 1.54597112833
car 0 0 -0.7494079443127432 1080.86377 297.80899 1285.793335 400.855896 1.658778 1.844931 4.586842 5.54566910729 -3.88661997043 49.8565321379 -0.638630768725
pedestrian 0 0 2.735083137359468 1674.659912 315.145477 1697.014648 398.744751 1.747889 0.271188 0.276581 16.9169120201 -3.62788688062 49.7530559195 3.06283737264
pedestrian 0 2 2.8376974572441327 1680.264648 292.705841 1709.054443 363.151398 1.623362 0.332443 0.497193 18.9631118512 -4.85690103095 55.0865901815 3.16923337494
pedestrian 0 0 2.738754388172029 1830.854248 490.308289 1881.766846 629.818421 1.746359 0.36143 0.388193 12.4943486852 0.756441978565 29.9878170653 3.13352916715
car 0 1 1.8008017006546668 403.617401 181.779953 468.765472 239.985077 1.875807 1.558923 4.149831 -20.1478343002 -12.4856320516 87.5698237446 1.57465983589
car 0 1 0 62.5186761479 123.062064765 166.860012726 179.3183878 0 0 0 0.0 0.0 0.0 0.0
cyclist 0 1 0 1324.5228581 168.453912101 1360.74642634 191.339932199 0 0 0 0.0 0.0 0.0 0.0
